=== Ogólne Wyniki Modelu ===
Test Loss:           0.1668
Test Accuracy:       0.9787
Total Infer. Time:   3.6936 s
Time per Image:      0.292 ms

=== Classification Report ===
              precision    recall  f1-score   support

           0       1.00      1.00      1.00        60
           1       0.99      1.00      1.00       720
           2       0.99      0.99      0.99       750
           3       1.00      0.96      0.98       450
           4       1.00      0.99      1.00       660
           5       0.94      0.99      0.97       630
           6       1.00      0.97      0.98       150
           7       0.99      1.00      1.00       450
           8       1.00      0.96      0.98       450
           9       0.99      1.00      1.00       480
          10       1.00      1.00      1.00       660
          11       1.00      0.98      0.99       420
          12       1.00      0.95      0.97       690
          13       1.00      1.00      1.00       720
          14       1.00      1.00      1.00       270
          15       0.97      0.99      0.98       210
          16       0.99      1.00      1.00       150
          17       1.00      0.91      0.95       360
          18       0.96      0.99      0.97       390
          19       0.92      1.00      0.96        60
          20       1.00      1.00      1.00        90
          21       0.98      0.71      0.83        90
          22       1.00      0.85      0.92       120
          23       0.93      1.00      0.96       150
          24       1.00      0.98      0.99        90
          25       0.97      0.98      0.97       480
          26       0.99      0.98      0.98       180
          27       1.00      0.70      0.82        60
          28       1.00      0.97      0.99       150
          29       0.79      1.00      0.88        90
          30       0.97      1.00      0.99       150
          31       0.99      1.00      1.00       270
          32       0.87      1.00      0.93        60
          33       1.00      1.00      1.00       210
          34       0.85      1.00      0.92       120
          35       0.99      0.98      0.99       390
          36       1.00      0.88      0.94       120
          37       1.00      0.98      0.99        60
          38       0.92      0.99      0.96       690
          39       0.99      1.00      0.99        90
          40       0.88      0.94      0.91        90
          41       0.79      1.00      0.88        60
          42       0.97      0.83      0.90        90

    accuracy                           0.98     12630
   macro avg       0.97      0.96      0.96     12630
weighted avg       0.98      0.98      0.98     12630


=== Top-k Accuracy ===
Top-1: 0.9787
Top-3: 0.9963
Top-5: 0.9982

=== Analiza Pewności (Confidence) ===
Avg Confidence (Correct):   0.9926
Avg Confidence (Incorrect): 0.7015

=== Najczęściej mylone klasy ===
True 17 → Pred 38 : 29
True 3 → Pred 5 : 19
True 27 → Pred 29 : 18
True 12 → Pred 38 : 17
True 8 → Pred 5 : 16
