=== Ogólne Wyniki Modelu ===
Test Loss:           0.5928
Test Accuracy:       0.8173
Total Infer. Time:   8.6382 s
Time per Image:      0.684 ms

=== Classification Report ===
              precision    recall  f1-score   support

           0       0.81      0.22      0.34        60
           1       0.82      0.59      0.69       720
           2       0.56      0.81      0.66       750
           3       0.76      0.53      0.62       450
           4       0.81      0.86      0.83       660
           5       0.81      0.73      0.77       630
           6       0.94      0.75      0.83       150
           7       0.84      0.92      0.88       450
           8       0.75      0.80      0.78       450
           9       0.95      0.90      0.93       480
          10       0.91      0.97      0.94       660
          11       0.64      0.87      0.74       420
          12       1.00      0.97      0.99       690
          13       0.98      0.99      0.98       720
          14       0.93      1.00      0.96       270
          15       1.00      0.99      0.99       210
          16       0.97      0.93      0.95       150
          17       0.99      0.94      0.96       360
          18       0.89      0.83      0.86       390
          19       0.44      0.92      0.59        60
          20       0.47      0.33      0.39        90
          21       0.69      0.37      0.48        90
          22       0.93      0.74      0.82       120
          23       0.66      0.83      0.74       150
          24       0.88      0.78      0.82        90
          25       0.85      0.67      0.75       480
          26       0.79      0.88      0.83       180
          27       0.61      0.37      0.46        60
          28       0.75      0.70      0.72       150
          29       0.78      0.72      0.75        90
          30       0.80      0.63      0.70       150
          31       0.83      0.93      0.88       270
          32       1.00      1.00      1.00        60
          33       0.85      0.63      0.72       210
          34       0.59      0.87      0.70       120
          35       0.95      0.93      0.94       390
          36       0.45      0.44      0.44       120
          37       0.04      0.03      0.03        60
          38       0.89      0.95      0.92       690
          39       0.77      0.44      0.56        90
          40       0.91      0.89      0.90        90
          41       0.60      0.88      0.72        60
          42       0.69      0.68      0.69        90

    accuracy                           0.82     12630
   macro avg       0.78      0.75      0.75     12630
weighted avg       0.83      0.82      0.81     12630


=== Top-k Accuracy ===
Top-1: 0.8173
Top-3: 0.9556
Top-5: 0.9835

=== Analiza Pewności (Confidence) ===
Avg Confidence (Correct):   0.8865
Avg Confidence (Incorrect): 0.6173

=== Najczęściej mylone klasy ===
True 1 → Pred 2 : 190
True 3 → Pred 2 : 127
True 25 → Pred 11 : 106
True 5 → Pred 2 : 81
True 33 → Pred 34 : 66
