=== Ogólne Wyniki Modelu ===
Test Loss:           1.0124
Test Accuracy:       0.6660
Total Infer. Time:   6.7694 s
Time per Image:      0.536 ms

=== Classification Report ===
              precision    recall  f1-score   support

           0       0.00      0.00      0.00        60
           1       0.48      0.61      0.54       720
           2       0.38      0.49      0.43       750
           3       0.49      0.26      0.34       450
           4       0.68      0.66      0.67       660
           5       0.47      0.37      0.42       630
           6       0.88      0.91      0.89       150
           7       0.66      0.77      0.71       450
           8       0.30      0.31      0.31       450
           9       0.80      0.88      0.84       480
          10       0.95      0.89      0.92       660
          11       0.59      0.64      0.61       420
          12       0.99      0.96      0.97       690
          13       0.95      0.98      0.96       720
          14       0.89      1.00      0.94       270
          15       0.98      0.96      0.97       210
          16       0.90      0.83      0.87       150
          17       0.99      0.88      0.93       360
          18       0.78      0.73      0.75       390
          19       0.41      0.25      0.31        60
          20       0.37      0.28      0.32        90
          21       0.44      0.24      0.31        90
          22       0.64      0.46      0.53       120
          23       0.27      0.39      0.32       150
          24       0.69      0.52      0.59        90
          25       0.57      0.65      0.61       480
          26       0.45      0.46      0.46       180
          27       0.21      0.12      0.15        60
          28       0.32      0.34      0.33       150
          29       0.22      0.37      0.28        90
          30       0.70      0.26      0.38       150
          31       0.71      0.83      0.77       270
          32       0.97      0.98      0.98        60
          33       0.65      0.54      0.59       210
          34       0.51      0.55      0.53       120
          35       0.67      0.79      0.72       390
          36       0.57      0.55      0.56       120
          37       0.55      0.18      0.28        60
          38       0.84      0.87      0.86       690
          39       0.73      0.37      0.49        90
          40       0.71      0.60      0.65        90
          41       0.50      0.40      0.44        60
          42       0.57      0.43      0.49        90

    accuracy                           0.67     12630
   macro avg       0.61      0.57      0.58     12630
weighted avg       0.67      0.67      0.66     12630


=== Top-k Accuracy ===
Top-1: 0.6660
Top-3: 0.8769
Top-5: 0.9526

=== Analiza Pewności (Confidence) ===
Avg Confidence (Correct):   0.7666
Avg Confidence (Incorrect): 0.4704

=== Najczęściej mylone klasy ===
True 1 → Pred 2 : 184
True 5 → Pred 2 : 162
True 2 → Pred 1 : 161
True 3 → Pred 2 : 123
True 5 → Pred 1 : 100
