=== Ogólne Wyniki Modelu ===
Test Loss:           0.4612
Test Accuracy:       0.8604
Total Infer. Time:   53.0906 s
Time per Image:      4.204 ms

=== Classification Report ===
              precision    recall  f1-score   support

           0       0.00      0.00      0.00        60
           1       0.79      0.73      0.76       720
           2       0.65      0.83      0.73       750
           3       0.87      0.73      0.79       450
           4       0.85      0.87      0.86       660
           5       0.82      0.77      0.79       630
           6       0.87      0.84      0.85       150
           7       0.89      0.93      0.91       450
           8       0.87      0.82      0.85       450
           9       0.94      0.97      0.96       480
          10       0.92      0.98      0.95       660
          11       0.84      0.96      0.90       420
          12       1.00      0.96      0.98       690
          13       0.99      1.00      0.99       720
          14       0.99      1.00      0.99       270
          15       0.99      0.99      0.99       210
          16       0.99      0.89      0.94       150
          17       1.00      0.96      0.98       360
          18       0.98      0.83      0.90       390
          19       0.56      0.62      0.59        60
          20       0.55      0.62      0.59        90
          21       0.88      0.77      0.82        90
          22       0.98      0.73      0.84       120
          23       0.64      0.84      0.73       150
          24       1.00      0.87      0.93        90
          25       0.87      0.88      0.87       480
          26       0.88      0.94      0.91       180
          27       0.91      0.88      0.90        60
          28       0.80      0.82      0.81       150
          29       0.75      0.52      0.61        90
          30       0.90      0.75      0.81       150
          31       0.85      0.94      0.89       270
          32       0.97      0.93      0.95        60
          33       0.87      0.74      0.80       210
          34       0.65      0.83      0.73       120
          35       0.93      0.92      0.93       390
          36       0.52      0.43      0.47       120
          37       0.04      0.05      0.04        60
          38       0.90      0.94      0.92       690
          39       0.81      0.49      0.61        90
          40       0.80      0.91      0.85        90
          41       0.65      0.83      0.73        60
          42       0.86      0.66      0.74        90

    accuracy                           0.86     12630
   macro avg       0.81      0.79      0.80     12630
weighted avg       0.86      0.86      0.86     12630


=== Top-k Accuracy ===
Top-1: 0.8604
Top-3: 0.9648
Top-5: 0.9857

=== Analiza Pewności (Confidence) ===
Avg Confidence (Correct):   0.9109
Avg Confidence (Incorrect): 0.6246

=== Najczęściej mylone klasy ===
True 1 → Pred 2 : 135
True 5 → Pred 2 : 74
True 2 → Pred 1 : 61
True 36 → Pred 37 : 59
True 3 → Pred 2 : 54
