=== Ogólne Wyniki Modelu ===
Test Loss:           0.7817
Test Accuracy:       0.7496
Total Infer. Time:   6.9518 s
Time per Image:      0.550 ms

=== Classification Report ===
              precision    recall  f1-score   support

           0       0.00      0.00      0.00        60
           1       0.61      0.52      0.56       720
           2       0.50      0.65      0.56       750
           3       0.52      0.37      0.43       450
           4       0.82      0.71      0.76       660
           5       0.58      0.58      0.58       630
           6       0.99      0.73      0.84       150
           7       0.68      0.86      0.76       450
           8       0.59      0.63      0.61       450
           9       0.83      0.88      0.85       480
          10       0.95      0.92      0.93       660
          11       0.61      0.84      0.71       420
          12       1.00      0.98      0.99       690
          13       0.98      0.99      0.98       720
          14       0.92      1.00      0.96       270
          15       1.00      0.95      0.97       210
          16       0.93      0.94      0.93       150
          17       1.00      0.93      0.96       360
          18       0.77      0.80      0.78       390
          19       0.49      0.67      0.56        60
          20       0.54      0.57      0.55        90
          21       0.29      0.12      0.17        90
          22       0.64      0.68      0.66       120
          23       0.46      0.61      0.53       150
          24       0.96      0.56      0.70        90
          25       0.69      0.59      0.63       480
          26       0.63      0.66      0.64       180
          27       0.32      0.20      0.24        60
          28       0.68      0.49      0.57       150
          29       0.58      0.49      0.53        90
          30       0.84      0.63      0.72       150
          31       0.89      0.93      0.91       270
          32       0.98      1.00      0.99        60
          33       0.88      0.68      0.76       210
          34       0.72      0.66      0.69       120
          35       0.75      0.87      0.81       390
          36       0.73      0.53      0.62       120
          37       0.51      0.38      0.44        60
          38       0.88      0.94      0.91       690
          39       0.87      0.51      0.64        90
          40       0.68      0.90      0.77        90
          41       0.61      0.77      0.68        60
          42       0.56      0.72      0.63        90

    accuracy                           0.75     12630
   macro avg       0.71      0.68      0.69     12630
weighted avg       0.75      0.75      0.75     12630


=== Top-k Accuracy ===
Top-1: 0.7496
Top-3: 0.9309
Top-5: 0.9734

=== Analiza Pewności (Confidence) ===
Avg Confidence (Correct):   0.8225
Avg Confidence (Incorrect): 0.5417

=== Najczęściej mylone klasy ===
True 1 → Pred 2 : 199
True 5 → Pred 2 : 122
True 25 → Pred 11 : 98
True 3 → Pred 5 : 93
True 2 → Pred 1 : 88
