=== Ogólne Wyniki Modelu ===
Test Loss:           0.3934
Test Accuracy:       0.9458
Total Infer. Time:   36.5687 s
Time per Image:      2.895 ms

=== Classification Report ===
              precision    recall  f1-score   support

           0       0.95      0.97      0.96        60
           1       0.90      0.97      0.93       720
           2       0.99      0.90      0.94       750
           3       0.98      0.90      0.94       450
           4       0.95      0.96      0.95       660
           5       0.85      0.99      0.92       630
           6       0.84      0.98      0.90       150
           7       0.98      0.98      0.98       450
           8       0.99      0.89      0.94       450
           9       1.00      0.99      0.99       480
          10       0.99      1.00      1.00       660
          11       0.96      0.92      0.94       420
          12       1.00      0.94      0.97       690
          13       0.98      1.00      0.99       720
          14       1.00      1.00      1.00       270
          15       0.96      0.99      0.97       210
          16       0.97      0.99      0.98       150
          17       1.00      0.91      0.95       360
          18       0.87      0.86      0.86       390
          19       1.00      0.98      0.99        60
          20       0.88      1.00      0.94        90
          21       0.92      0.66      0.77        90
          22       0.96      0.75      0.84       120
          23       1.00      0.90      0.95       150
          24       0.88      0.99      0.93        90
          25       0.83      0.97      0.90       480
          26       0.95      0.87      0.90       180
          27       0.97      0.55      0.70        60
          28       0.92      0.96      0.94       150
          29       0.97      0.97      0.97        90
          30       0.90      0.93      0.91       150
          31       0.95      0.99      0.97       270
          32       0.95      0.93      0.94        60
          33       1.00      0.98      0.99       210
          34       0.97      1.00      0.98       120
          35       0.95      0.98      0.96       390
          36       0.94      0.85      0.89       120
          37       0.96      0.88      0.92        60
          38       0.92      1.00      0.96       690
          39       0.99      1.00      0.99        90
          40       0.78      0.82      0.80        90
          41       0.96      0.88      0.92        60
          42       0.92      0.66      0.77        90

    accuracy                           0.95     12630
   macro avg       0.94      0.92      0.93     12630
weighted avg       0.95      0.95      0.95     12630


=== Top-k Accuracy ===
Top-1: 0.9458
Top-3: 0.9862
Top-5: 0.9922

=== Analiza Pewności (Confidence) ===
Avg Confidence (Correct):   0.9787
Avg Confidence (Incorrect): 0.7300

=== Najczęściej mylone klasy ===
True 2 → Pred 1 : 47
True 3 → Pred 5 : 42
True 8 → Pred 5 : 34
True 17 → Pred 38 : 30
True 21 → Pred 18 : 30
