=== Ogólne Wyniki Modelu ===
Test Loss:           0.1317
Test Accuracy:       0.9805
Total Infer. Time:   2.2388 s
Time per Image:      0.177 ms

=== Classification Report ===
              precision    recall  f1-score   support

           0       1.00      1.00      1.00        60
           1       0.99      1.00      1.00       720
           2       1.00      1.00      1.00       750
           3       0.98      0.94      0.96       450
           4       1.00      0.99      0.99       660
           5       0.93      1.00      0.96       630
           6       1.00      1.00      1.00       150
           7       0.98      0.99      0.99       450
           8       0.99      0.99      0.99       450
           9       1.00      0.99      1.00       480
          10       1.00      1.00      1.00       660
          11       0.98      0.93      0.95       420
          12       1.00      0.95      0.97       690
          13       0.99      1.00      0.99       720
          14       1.00      1.00      1.00       270
          15       0.97      1.00      0.98       210
          16       1.00      1.00      1.00       150
          17       1.00      0.93      0.96       360
          18       1.00      0.98      0.99       390
          19       0.90      1.00      0.94        60
          20       0.98      1.00      0.99        90
          21       1.00      0.86      0.92        90
          22       1.00      0.76      0.86       120
          23       0.81      1.00      0.89       150
          24       1.00      1.00      1.00        90
          25       0.94      1.00      0.97       480
          26       0.97      1.00      0.98       180
          27       0.91      0.98      0.94        60
          28       0.99      0.99      0.99       150
          29       0.85      1.00      0.92        90
          30       0.97      0.81      0.88       150
          31       1.00      1.00      1.00       270
          32       1.00      1.00      1.00        60
          33       0.99      1.00      1.00       210
          34       1.00      1.00      1.00       120
          35       0.99      0.99      0.99       390
          36       0.99      1.00      1.00       120
          37       1.00      0.98      0.99        60
          38       0.97      0.99      0.98       690
          39       1.00      0.98      0.99        90
          40       0.87      0.99      0.93        90
          41       1.00      1.00      1.00        60
          42       1.00      0.89      0.94        90

    accuracy                           0.98     12630
   macro avg       0.98      0.97      0.97     12630
weighted avg       0.98      0.98      0.98     12630


=== Top-k Accuracy ===
Top-1: 0.9805
Top-3: 0.9962
Top-5: 0.9994

=== Analiza Pewności (Confidence) ===
Avg Confidence (Correct):   0.9946
Avg Confidence (Incorrect): 0.7622

=== Najczęściej mylone klasy ===
True 22 → Pred 25 : 28
True 3 → Pred 5 : 25
True 11 → Pred 23 : 21
True 17 → Pred 5 : 19
True 30 → Pred 29 : 15
