=== Ogólne Wyniki Modelu ===
Test Loss:           0.1166
Test Accuracy:       0.9896
Total Infer. Time:   3.7960 s
Time per Image:      0.301 ms

=== Classification Report ===
              precision    recall  f1-score   support

           0       1.00      1.00      1.00        60
           1       0.99      1.00      1.00       720
           2       1.00      1.00      1.00       750
           3       1.00      0.96      0.98       450
           4       1.00      1.00      1.00       660
           5       0.96      1.00      0.98       630
           6       0.99      1.00      1.00       150
           7       1.00      1.00      1.00       450
           8       1.00      0.98      0.99       450
           9       1.00      1.00      1.00       480
          10       1.00      1.00      1.00       660
          11       1.00      1.00      1.00       420
          12       0.98      0.96      0.97       690
          13       1.00      1.00      1.00       720
          14       1.00      1.00      1.00       270
          15       0.91      1.00      0.95       210
          16       1.00      1.00      1.00       150
          17       1.00      1.00      1.00       360
          18       0.98      0.99      0.99       390
          19       1.00      1.00      1.00        60
          20       1.00      1.00      1.00        90
          21       1.00      0.72      0.84        90
          22       0.97      0.75      0.85       120
          23       1.00      1.00      1.00       150
          24       1.00      0.98      0.99        90
          25       0.94      1.00      0.97       480
          26       0.99      0.98      0.99       180
          27       1.00      1.00      1.00        60
          28       1.00      0.99      1.00       150
          29       0.98      1.00      0.99        90
          30       1.00      1.00      1.00       150
          31       1.00      1.00      1.00       270
          32       0.98      1.00      0.99        60
          33       0.99      1.00      1.00       210
          34       1.00      1.00      1.00       120
          35       1.00      1.00      1.00       390
          36       0.98      1.00      0.99       120
          37       1.00      0.98      0.99        60
          38       0.99      1.00      1.00       690
          39       1.00      0.98      0.99        90
          40       1.00      0.97      0.98        90
          41       1.00      1.00      1.00        60
          42       1.00      1.00      1.00        90

    accuracy                           0.99     12630
   macro avg       0.99      0.98      0.99     12630
weighted avg       0.99      0.99      0.99     12630


=== Top-k Accuracy ===
Top-1: 0.9896
Top-3: 0.9952
Top-5: 0.9969

=== Analiza Pewności (Confidence) ===
Avg Confidence (Correct):   0.9966
Avg Confidence (Incorrect): 0.7485

=== Najczęściej mylone klasy ===
True 22 → Pred 25 : 30
True 12 → Pred 15 : 20
True 3 → Pred 5 : 15
True 21 → Pred 12 : 15
True 8 → Pred 5 : 8
